300
5 11 16 17 4 31 62
19 4 14 16 5 41 66
3 20 4 17 13 49 65
9 19 7 12 20 42 56
4 13 19 4 7 46 99
16 3 13 11 6 12 69
15 19 7 2 17 27 39
16 18 10 5 9 28 65
13 8 4 18 14 25 63
7 19 1 2 18 34 56
4 3 4 15 10 7 28
16 9 19 5 16 36 84
1 12 1 13 18 31 73
13 10 18 15 7 17 39
14 19 10 1 20 8 50
20 18 5 17 11 9 43
1 4 3 9 16 0 43
15 15 17 3 4 24 57
9 9 12 9 1 26 48
8 4 19 11 12 6 30
19 2 10 3 9 1 34
4 10 14 10 2 41 93
11 1 17 2 18 4 51
1 20 12 13 15 11 69
1 1 17 2 10 29 88
1 3 11 9 4 49 63
18 14 1 11 8 24 55
1 4 4 5 17 42 55
13 2 15 9 9 32 71
7 7 15 13 9 18 30
14 8 12 4 8 9 58
1 19 10 10 14 9 30
17 14 18 4 5 33 52
8 6 13 14 5 6 34
15 4 11 8 9 16 56
16 15 19 17 7 1 13
18 6 16 18 14 29 76
8 8 4 7 18 25 67
12 6 13 11 20 40 54
8 4 13 11 2 45 91
8 14 7 17 18 47 82
15 13 18 13 20 50 65
10 18 1 19 17 14 49
1 10 9 16 5 34 94
14 18 20 4 14 44 86
18 9 17 5 9 25 71
4 16 7 15 9 0 51
6 11 15 17 16 34 63
10 4 20 18 10 15 50
4 7 17 19 9 27 54
11 11 14 17 16 10 42
17 2 10 18 7 42 82
14 1 6 1 16 11 24
17 1 15 10 12 21 66
7 10 20 6 20 42 82
10 20 17 7 16 15 26
10 11 7 12 8 4 41
19 15 12 13 11 49 78
16 13 17 17 6 34 81
17 11 1 11 20 35 92
13 13 13 4 6 10 40
19 3 19 14 19 11 71
2 3 14 12 15 24 43
16 11 13 5 18 37 85
8 20 11 19 5 1 48
13 15 20 3 2 32 77
14 4 19 2 17 13 40
6 9 3 10 11 27 41
12 7 16 18 17 15 63
18 20 8 11 5 50 110
12 18 10 14 7 2 62
3 16 1 10 11 33 92
15 12 14 11 20 46 79
17 9 5 12 16 12 48
4 6 13 9 16 44 79
6 18 9 11 11 32 75
17 7 6 17 4 44 104
13 10 3 17 5 39 50
12 7 20 1 5 41 87
16 8 1 17 9 34 81
1 12 12 4 8 4 21
16 3 9 5 3 15 27
2 9 14 11 18 25 71
10 3 18 11 2 49 92
20 15 10 11 19 29 39
19 3 5 19 6 7 23
19 19 15 3 4 36 67
13 11 9 15 8 41 72
6 8 16 9 19 3 36
6 13 6 16 7 24 82
17 10 15 15 17 5 50
8 2 17 12 19 35 47
1 11 2 13 10 6 56
7 6 9 3 14 41 74
18 11 17 19 11 30 77
18 19 4 2 1 2 16
8 10 19 5 1 33 74
13 8 14 2 10 15 65
17 11 3 17 20 49 64
12 4 12 16 8 0 44
19 18 3 19 3 1 39
12 20 15 9 8 19 50
15 19 1 8 9 29 71
9 20 6 19 11 17 61
18 3 17 11 9 46 56
20 8 6 12 20 26 46
1 8 3 12 17 10 40
13 1 13 13 13 38 71
17 8 9 10 1 8 31
5 13 20 15 4 35 54
17 3 10 20 11 45 92
18 9 7 11 12 20 39
7 18 17 18 5 49 96
14 3 7 17 4 34 50
2 3 8 6 9 40 75
16 1 11 1 5 28 58
12 1 9 5 19 32 74
19 10 3 9 2 26 62
18 12 3 8 12 35 68
7 16 17 19 3 10 41
17 16 12 5 3 44 70
14 5 15 4 4 25 73
16 4 17 6 10 44 77
12 17 18 14 11 24 36
14 11 2 20 8 12 67
12 3 6 2 9 31 45
1 17 10 4 17 17 76
18 6 18 18 2 23 73
18 6 9 9 12 9 34
20 5 12 4 1 16 76
20 5 20 7 3 36 62
11 11 8 9 5 17 75
15 10 13 3 13 11 46
20 4 18 19 12 49 94
1 17 13 17 8 46 74
8 20 6 3 4 39 85
6 10 16 3 11 5 65
18 5 9 7 9 46 95
19 7 20 6 1 23 38
6 5 11 17 17 21 35
3 18 8 14 11 9 64
18 2 9 1 4 16 36
9 11 20 19 12 16 43
2 20 8 12 5 16 52
3 18 1 16 20 22 37
3 7 20 10 9 24 42
1 6 13 8 13 17 45
15 10 11 7 3 36 81
1 14 14 20 19 29 85
9 18 8 16 20 0 51
8 6 9 8 17 9 35
9 2 7 14 16 8 33
4 8 3 15 19 16 39
20 9 6 12 14 14 30
6 3 19 18 18 12 39
12 15 15 7 13 4 60
10 14 19 16 10 37 77
3 18 5 3 8 34 47
6 9 20 9 10 39 96
6 18 9 14 18 12 54
9 15 15 7 5 34 63
17 18 17 1 2 27 87
6 15 6 18 20 45 68
9 1 5 13 17 15 59
10 13 5 17 4 36 50
15 11 15 16 6 8 53
11 6 12 3 8 35 65
16 9 10 13 7 29 60
16 16 13 20 14 25 53
4 1 8 17 9 45 88
1 14 4 19 18 12 30
10 19 7 19 1 5 17
13 1 10 14 9 40 78
11 2 3 2 18 4 37
14 12 4 12 9 9 66
7 19 8 15 17 50 62
9 5 13 1 9 42 53
4 19 11 7 16 3 33
9 5 16 10 5 1 37
17 5 4 1 13 47 104
7 9 6 18 4 25 45
20 9 2 4 12 24 69
14 13 2 10 3 26 38
1 19 20 17 18 43 98
8 13 1 11 12 8 55
1 6 7 18 18 37 91
13 20 2 19 18 38 90
5 3 16 18 17 8 58
2 8 17 10 19 43 86
6 16 20 17 1 34 71
15 1 15 14 20 34 55
17 6 11 18 10 4 26
14 17 9 17 15 15 39
18 11 4 14 5 24 41
8 17 20 20 5 8 55
17 15 6 19 3 18 36
15 8 4 10 19 12 59
8 8 8 15 5 42 84
17 11 13 10 7 46 63
1 16 8 5 16 25 81
13 16 16 17 11 22 49
19 8 15 15 12 47 86
11 14 13 19 10 11 33
14 11 6 5 6 14 74
2 18 8 18 5 19 32
10 20 8 6 13 45 78
5 9 10 9 15 9 48
7 8 15 1 13 22 53
2 2 18 14 4 31 80
10 3 19 19 20 34 90
3 17 13 2 5 18 50
3 12 7 12 9 5 29
10 6 15 14 10 32 82
10 17 9 13 20 19 29
6 7 11 10 1 13 23
14 10 16 1 18 45 86
19 10 19 3 1 29 41
9 10 4 3 5 1 21
5 18 7 1 13 18 44
1 12 3 13 18 39 84
18 6 2 9 4 37 49
2 15 1 15 15 6 16
19 20 1 9 1 39 63
7 3 16 12 14 23 81
19 4 11 16 20 48 63
15 20 13 11 14 28 71
6 17 19 13 9 16 37
20 19 10 15 12 39 51
17 13 7 4 14 3 46
2 6 13 16 13 3 25
13 5 6 12 20 50 73
7 9 5 5 15 20 58
12 14 1 14 2 10 38
4 7 1 5 4 8 33
7 19 13 1 16 40 81
19 2 5 6 2 6 48
14 16 18 9 1 7 40
19 13 2 12 2 27 57
7 12 19 5 4 40 75
16 13 13 19 19 37 88
4 17 9 10 5 15 29
13 6 5 14 17 47 69
10 18 3 9 17 13 61
17 2 15 17 12 32 53
16 17 10 10 18 32 54
1 3 1 14 9 25 78
11 9 2 9 19 7 56
20 4 18 14 12 45 74
13 9 2 11 16 13 60
10 3 17 16 8 24 61
1 5 5 7 20 42 91
6 20 2 16 8 33 73
7 3 9 13 4 8 41
11 15 4 14 18 45 56
19 8 14 3 12 37 78
5 13 3 3 6 16 27
11 14 7 5 4 46 62
14 13 1 7 2 0 52
7 6 16 5 11 45 95
9 11 5 8 14 7 53
4 15 9 1 12 12 64
13 5 7 4 9 48 97
18 20 15 9 2 36 73
12 16 13 5 20 24 79
18 7 11 16 14 42 89
16 4 9 4 14 30 61
18 14 9 13 13 34 65
8 20 8 6 12 39 53
3 18 8 1 10 14 65
2 14 2 3 11 17 53
3 4 19 14 15 2 24
5 10 19 20 8 40 94
6 9 6 2 20 10 52
6 8 12 18 17 42 83
18 13 14 7 5 42 90
7 18 20 18 2 35 81
9 1 18 14 11 32 84
11 7 17 12 4 14 59
20 17 2 2 17 26 68
17 15 12 4 6 17 57
9 19 18 18 18 49 97
12 1 14 14 16 42 95
11 1 18 4 11 26 83
11 20 7 9 4 25 71
4 8 18 9 19 17 76
10 9 14 6 1 31 69
8 7 3 16 16 6 54
20 6 9 2 7 42 82
16 10 20 7 13 8 28
5 5 3 3 6 11 38
19 18 9 13 13 35 88
18 7 6 4 8 1 44
4 9 4 15 4 29 58
11 10 5 10 8 48 94
2 19 2 17 11 2 60
14 9 7 16 11 31 66
3 15 14 13 8 13 61
13 6 2 4 15 25 69
5 18 2 20 16 46 72
5 12 3 16 12 34 60
