250
5 1 16 9 19 31 71
19 6 8 7 9 13 67
3 7 14 3 8 31 56
9 11 11 6 19 23 72
4 19 18 19 11 38 63
16 5 20 15 12 30 46
15 11 9 19 12 15 60
16 14 8 5 13 21 53
13 7 2 20 10 11 31
7 9 3 9 15 38 55
4 4 17 15 20 48 107
16 13 12 17 11 11 23
1 18 6 6 18 47 102
13 12 17 5 17 37 67
14 18 7 5 6 44 81
20 16 10 15 1 28 84
1 18 10 12 5 34 66
15 8 10 10 9 9 35
9 3 18 13 8 3 55
8 2 12 8 19 32 82
19 3 6 4 5 20 79
4 5 15 7 4 33 46
11 6 20 10 6 44 93
1 6 3 3 14 8 45
1 18 4 4 20 41 77
1 7 20 8 2 48 82
18 9 17 13 4 13 45
1 11 19 11 18 20 48
13 20 13 16 9 39 97
7 17 6 4 4 31 62
14 9 5 6 7 30 68
1 12 9 2 9 21 75
17 11 14 2 3 7 32
8 11 7 20 19 8 58
15 4 19 1 17 8 57
16 10 2 7 3 44 87
18 8 16 2 3 16 35
8 20 13 16 7 14 27
12 16 12 17 6 5 36
8 5 13 20 17 40 93
8 19 17 15 14 34 51
15 18 6 11 1 44 86
10 4 18 9 19 3 24
1 11 2 4 12 36 80
14 2 17 20 16 11 62
18 14 3 6 10 43 93
4 3 9 4 8 7 48
6 13 4 8 7 14 45
10 5 9 13 20 36 94
4 5 3 8 16 12 67
11 11 5 16 8 32 49
17 4 20 15 14 36 83
14 20 3 13 15 42 53
17 19 15 6 12 19 59
7 13 8 8 18 27 50
10 3 13 8 7 20 54
10 19 14 10 16 0 50
19 18 13 15 3 49 70
16 8 6 18 9 1 36
17 19 11 19 14 19 74
13 3 15 13 7 39 63
19 9 5 7 1 14 30
2 12 20 15 18 5 30
16 10 16 9 13 47 78
8 19 7 11 17 14 45
13 18 4 16 16 17 69
14 4 14 19 3 43 68
6 15 20 4 13 40 100
12 9 18 7 20 21 74
18 4 14 3 17 17 56
12 2 4 2 19 38 95
3 10 10 1 19 46 86
15 1 9 1 14 33 66
17 20 8 16 2 24 65
4 1 13 11 12 1 52
6 3 18 13 15 7 66
17 14 1 19 1 21 73
13 4 7 10 7 22 78
12 2 17 7 10 8 30
16 7 15 13 1 7 44
1 8 19 6 18 16 54
16 19 1 5 4 49 84
2 14 1 1 10 9 53
10 6 20 1 17 43 60
20 4 8 13 11 36 82
19 15 9 5 18 2 43
19 6 7 18 19 22 49
13 8 6 2 18 4 22
6 6 10 19 10 5 24
6 4 5 13 17 46 56
17 14 18 9 14 6 40
8 13 7 5 18 19 55
1 18 9 3 17 20 36
7 10 10 15 14 15 26
18 18 19 10 20 17 68
18 9 9 1 19 33 47
8 16 15 2 10 3 24
13 11 6 18 15 23 62
17 4 18 2 10 1 60
12 7 12 17 5 5 39
19 11 16 5 17 8 60
12 2 14 2 15 25 67
15 1 4 9 19 23 51
9 1 7 4 5 46 65
18 10 19 14 18 40 59
20 20 13 3 6 44 87
1 11 7 7 9 15 31
13 15 10 1 1 6 32
17 13 4 16 14 43 54
5 11 1 5 19 21 60
17 13 4 9 2 17 52
18 3 19 7 12 0 50
7 3 1 15 14 32 87
14 11 18 13 13 20 77
2 20 10 11 10 7 67
16 15 5 9 1 22 46
12 4 3 9 3 50 94
19 9 17 8 3 41 95
18 7 12 8 1 46 81
7 20 19 2 13 8 18
17 18 10 19 9 38 82
14 16 14 19 15 17 42
16 12 17 6 9 25 62
12 9 12 12 12 5 25
14 6 17 14 16 43 95
12 18 11 20 11 36 57
1 7 1 18 13 39 70
18 10 4 17 15 46 98
18 7 15 2 4 33 58
20 8 15 12 16 30 44
20 12 12 18 12 36 95
11 3 10 14 5 26 70
15 9 18 18 14 34 79
20 3 13 7 5 25 45
1 15 11 18 1 19 40
8 3 19 14 6 14 48
6 19 16 3 9 40 87
18 11 4 9 12 19 30
19 8 13 20 5 35 77
6 13 13 3 19 8 31
3 10 7 9 10 3 40
18 2 18 6 14 38 63
9 11 1 4 9 32 92
2 6 9 5 17 7 19
3 11 20 2 10 11 54
3 19 17 7 14 15 71
1 10 7 14 9 13 35
15 8 15 2 14 27 81
1 11 20 2 11 17 59
9 4 17 3 16 34 88
8 18 14 17 7 1 50
9 20 10 16 16 16 67
4 19 6 17 13 34 78
20 20 15 12 14 17 31
6 3 20 4 3 33 58
12 8 17 11 3 16 51
10 8 7 2 5 30 89
3 1 12 5 7 8 47
6 8 17 18 5 25 42
6 13 1 2 8 45 91
9 3 13 15 1 6 57
17 9 19 5 4 47 60
6 18 14 13 9 23 57
9 3 13 15 5 4 19
10 3 11 1 16 41 86
15 1 20 17 4 34 50
11 1 19 9 13 23 74
16 10 3 3 6 34 74
16 12 16 9 1 35 47
4 16 8 11 3 46 89
1 16 10 3 14 32 57
10 5 1 10 20 43 102
13 4 14 2 2 37 47
11 17 5 13 18 1 12
14 11 13 2 7 39 68
7 3 9 9 18 19 58
9 17 6 11 14 28 55
4 6 3 5 12 43 99
9 6 20 9 2 8 44
17 5 1 13 4 9 29
7 5 12 4 18 4 52
20 11 9 10 14 37 55
14 10 14 4 4 9 54
1 4 18 14 9 43 98
8 17 10 8 9 13 43
1 20 5 17 6 30 89
13 10 15 18 16 49 93
5 5 9 7 2 21 71
2 7 16 11 7 23 61
6 5 6 11 3 18 60
15 18 15 17 13 10 46
17 2 17 13 4 9 54
14 11 2 19 15 50 70
18 20 9 16 10 24 78
8 18 17 4 17 28 63
17 7 4 5 16 25 79
15 6 19 15 13 7 41
8 10 14 17 4 38 60
17 14 3 18 20 9 50
1 18 12 19 16 17 44
13 6 3 17 4 18 51
19 2 15 18 5 42 61
11 8 1 1 13 43 69
14 9 6 10 20 40 86
2 3 17 6 7 38 65
10 15 6 7 6 0 21
5 14 3 12 17 34 93
7 18 13 13 9 0 56
2 9 9 17 14 41 90
10 18 20 11 18 8 23
3 15 10 4 10 24 80
3 18 7 14 16 47 80
10 15 17 12 18 35 66
10 1 7 5 7 6 25
6 13 8 19 20 29 55
14 11 11 3 11 1 27
19 6 9 2 16 49 75
9 9 3 10 4 27 59
5 16 3 18 1 38 72
1 1 17 11 12 43 70
18 14 12 14 9 27 73
2 19 15 10 2 17 56
19 1 17 11 18 23 33
7 2 18 12 15 26 45
19 12 2 9 10 25 43
15 19 6 11 4 38 64
6 5 10 17 8 29 53
20 19 18 17 17 3 25
17 5 9 1 9 6 20
2 5 12 17 9 30 77
13 9 20 4 8 49 93
7 9 8 5 14 2 51
12 13 13 11 5 41 63
4 19 18 11 5 45 89
7 13 13 11 9 44 81
19 6 6 19 7 0 55
14 20 16 3 14 2 27
19 3 9 15 18 7 53
7 8 20 9 20 37 55
16 16 11 16 2 8 53
4 1 8 15 18 33 72
13 6 9 12 20 32 67
10 17 20 13 17 48 103
17 11 8 3 5 22 44
16 17 1 19 14 35 50
1 15 20 2 9 17 67
11 8 13 5 9 50 64
20 8 11 2 16 36 55
13 11 14 17 10 41 101
10 16 8 16 9 22 74
