100
5 19 13 11 18 43 68
19 12 19 4 20 30 64
3 15 11 20 19 14 71
9 9 14 19 20 45 90
4 18 2 13 3 26 36
16 20 10 3 8 21 43
15 1 5 19 8 35 78
16 13 7 18 1 39 77
13 17 2 8 8 46 93
7 5 10 19 13 41 52
4 17 3 3 3 17 28
16 18 3 9 9 41 91
1 7 10 12 18 14 62
13 14 10 10 3 3 28
14 2 6 19 3 4 30
20 16 14 18 1 48 71
1 12 19 4 1 32 53
15 19 9 15 10 41 69
9 18 5 9 12 23 42
8 7 1 4 16 10 54
19 17 18 2 16 32 54
4 14 2 10 5 49 76
11 16 19 1 4 50 79
1 12 7 20 17 13 60
1 14 19 1 11 19 77
1 12 15 3 3 19 45
18 1 6 14 17 44 97
1 18 20 4 6 19 57
13 18 17 2 6 35 95
7 20 2 7 5 23 43
14 20 13 8 5 10 54
1 11 7 19 11 44 76
17 15 12 14 10 44 85
8 20 4 6 4 47 83
15 1 7 4 17 29 46
16 8 19 15 20 38 97
18 6 14 6 10 5 28
8 18 19 8 5 7 53
12 19 7 6 7 38 72
8 6 16 4 5 32 55
8 3 4 14 18 36 64
15 18 13 13 2 24 40
10 9 10 18 11 11 22
1 2 17 10 20 9 26
14 3 16 18 18 16 62
18 3 1 9 7 27 84
4 1 11 16 6 13 23
6 15 20 11 10 36 80
10 1 13 4 14 46 74
4 9 10 7 18 48 101
11 8 1 11 6 50 108
17 9 6 2 2 3 59
14 4 7 1 8 31 82
17 20 11 1 9 43 61
7 6 19 10 3 25 39
10 12 5 20 15 45 87
10 10 11 11 14 40 73
19 3 14 15 18 22 68
16 6 7 13 9 24 53
17 6 9 11 18 32 69
13 9 4 13 15 10 52
19 17 13 3 18 34 87
2 6 18 3 15 46 78
16 9 12 11 1 2 60
8 10 18 20 13 33 76
13 15 16 15 11 5 35
14 11 18 4 6 16 26
6 16 8 9 9 40 57
12 16 3 7 16 6 44
18 4 2 20 1 17 72
12 1 3 18 14 47 85
3 10 5 16 19 5 37
15 13 6 12 1 8 37
17 11 6 9 2 49 93
4 14 18 6 12 39 74
6 7 7 18 19 42 73
17 9 9 7 5 43 103
13 4 11 10 19 44 100
12 9 20 7 5 5 58
16 17 17 8 5 28 74
1 7 9 12 9 15 56
16 20 12 3 9 24 41
2 14 11 9 13 27 78
10 1 11 3 19 25 59
20 8 4 15 13 10 44
19 1 10 3 6 20 43
19 13 8 19 20 28 73
13 5 20 11 3 8 18
6 2 16 8 8 39 66
6 6 5 13 16 31 81
17 15 19 10 1 13 61
8 17 18 2 6 7 63
1 14 4 11 17 27 84
7 18 11 6 11 38 94
18 8 2 11 17 34 76
18 17 14 19 15 26 48
8 15 3 10 8 7 46
13 8 13 8 8 42 90
17 17 5 11 11 18 61
12 1 5 4 16 17 53
