50
5 11 19 8 13 1 60
19 17 12 9 19 10 26
3 14 15 4 11 12 42
9 17 9 20 14 20 32
4 7 18 6 2 36 72
16 10 20 12 10 50 64
15 10 1 10 5 8 42
16 19 13 3 7 21 81
13 16 17 6 2 27 46
7 17 5 6 10 13 31
4 13 17 9 3 17 48
16 19 18 17 3 43 60
1 2 7 6 10 6 55
13 16 14 9 10 24 71
14 8 2 10 6 35 95
20 13 16 15 14 22 56
1 14 12 11 19 43 57
15 6 19 16 9 34 80
9 12 18 16 5 31 76
8 18 7 4 1 49 73
19 12 17 1 18 34 80
4 3 14 10 2 15 30
11 15 16 13 19 4 31
1 17 12 11 7 46 79
1 4 14 14 19 2 30
1 6 12 7 15 5 51
18 17 1 9 6 8 52
1 13 18 4 20 10 27
13 12 18 9 17 10 49
7 16 20 17 2 34 61
14 1 20 7 13 13 29
1 16 11 20 7 17 77
17 2 15 14 12 48 60
8 10 20 1 4 21 49
15 20 1 8 7 38 48
16 19 8 1 19 32 81
18 19 6 13 14 16 68
8 13 18 5 19 23 33
12 6 19 2 7 21 36
8 6 6 6 16 21 57
8 17 3 15 4 7 24
15 8 18 17 13 18 78
10 1 9 14 10 15 27
1 7 2 18 17 38 60
14 18 3 8 16 49 74
18 18 3 17 1 45 105
4 8 1 15 11 31 78
6 13 15 8 20 8 44
10 17 1 17 13 37 57
4 12 9 1 10 35 52
