200
5 13 18 16 16 36 54
19 19 20 14 15 16 39
3 11 19 4 13 50 69
9 14 20 7 6 15 39
4 2 3 19 8 44 100
16 10 8 13 8 36 47
15 5 8 7 10 47 63
16 7 1 10 15 21 47
13 2 8 4 18 23 42
7 10 13 1 19 41 81
4 3 3 4 13 23 82
16 3 9 19 7 25 41
1 10 18 1 15 19 54
13 10 3 18 9 29 80
14 6 3 10 11 38 94
20 14 1 5 16 21 42
1 19 1 3 19 34 44
15 9 10 17 4 32 47
9 5 12 12 7 10 47
8 1 16 19 3 1 50
19 18 16 10 2 9 22
4 2 5 14 1 16 61
11 19 4 17 1 43 66
1 7 17 12 16 14 58
1 19 11 17 11 36 73
1 15 3 11 13 8 40
18 6 17 1 19 7 20
1 20 6 4 10 11 62
13 17 6 15 7 49 65
7 2 5 15 13 26 83
14 13 5 12 6 46 91
1 7 11 10 5 39 92
17 12 10 18 1 3 39
8 4 4 13 1 6 58
15 7 17 11 13 34 91
16 19 20 19 5 43 60
18 14 10 16 18 17 43
8 19 5 4 2 45 98
12 7 7 13 19 6 33
8 16 5 13 13 13 34
8 4 18 7 9 16 56
15 13 2 18 5 4 64
10 10 11 1 3 40 95
1 17 20 9 15 36 49
14 16 18 20 10 33 93
18 1 7 17 1 41 64
4 11 6 7 2 5 58
6 20 10 15 18 4 55
10 13 14 20 2 50 65
4 10 18 17 17 13 47
11 1 6 14 5 41 58
17 6 2 10 2 11 63
14 7 8 6 9 32 70
17 11 9 15 4 27 55
7 19 3 20 14 1 54
10 5 15 17 3 37 79
10 11 14 7 7 23 64
19 14 18 12 1 31 66
16 7 9 17 16 45 62
17 9 18 1 5 18 66
13 4 15 13 9 14 54
19 13 18 19 7 12 28
2 18 15 14 15 38 57
16 12 1 13 13 31 65
8 18 13 11 11 15 64
13 16 11 20 9 27 81
14 18 6 19 9 28 50
6 8 9 3 8 43 63
12 3 16 16 8 23 66
18 2 1 8 2 34 60
12 3 14 10 19 12 48
3 5 19 1 19 30 87
15 6 1 14 6 46 90
17 6 2 5 12 4 32
4 18 12 13 14 16 57
6 7 19 9 20 26 76
17 9 5 6 18 12 56
13 11 19 3 17 0 23
12 20 5 20 2 47 107
16 17 5 1 12 34 92
1 9 9 12 18 49 98
16 12 9 9 14 24 55
2 11 13 14 18 32 73
10 11 19 18 7 31 47
20 4 13 10 18 4 14
19 10 6 5 14 25 83
19 8 20 15 3 39 95
13 20 3 9 9 32 84
6 16 8 16 20 50 82
6 5 16 6 3 37 92
17 19 1 15 9 37 64
8 18 6 17 6 27 40
1 4 17 2 4 2 46
7 11 11 9 5 22 72
18 2 17 17 2 29 67
18 14 15 4 7 0 29
8 3 8 19 14 12 70
13 13 8 14 2 19 35
17 5 11 3 2 44 68
12 5 16 12 3 44 86
19 11 16 3 17 41 68
12 4 8 15 16 0 27
15 20 14 1 17 34 89
9 19 11 6 12 7 32
18 13 18 17 4 19 55
20 3 20 6 11 32 51
1 19 9 3 2 47 65
13 18 8 13 5 20 46
17 8 2 9 18 49 71
5 19 3 20 2 34 70
17 3 17 10 15 41 86
18 9 12 7 5 36 86
7 12 6 17 13 35 83
14 10 17 7 15 18 31
2 19 7 8 1 33 77
16 18 10 11 17 26 74
12 4 10 9 9 34 76
19 15 10 3 3 33 52
18 9 18 3 9 26 62
7 4 12 17 11 38 65
17 2 6 12 3 40 67
14 10 15 15 10 37 77
16 1 20 17 2 19 73
12 20 3 18 13 28 57
14 1 4 2 2 19 46
12 3 20 6 9 8 49
1 14 17 10 11 32 55
18 4 19 18 5 28 69
18 2 13 9 9 37 70
20 7 6 12 13 8 56
20 8 5 20 4 35 75
11 19 9 8 10 49 74
15 14 14 13 4 10 41
20 6 7 18 14 16 37
1 4 19 13 8 40 88
8 15 2 6 17 0 58
6 6 16 16 18 27 48
18 8 13 9 7 47 104
19 6 12 20 11 42 89
6 4 13 11 11 36 90
3 14 17 8 17 2 40
18 13 6 9 13 23 67
9 18 18 20 19 26 45
2 10 2 8 16 25 38
3 18 17 1 4 18 60
3 9 3 20 5 42 72
1 16 9 13 15 48 91
15 11 4 11 17 42 96
1 4 9 14 18 1 19
9 7 3 8 19 5 56
8 11 5 9 17 5 63
9 2 20 7 18 0 23
4 1 3 3 1 24 54
20 1 15 6 10 17 66
6 10 8 19 6 29 70
12 20 13 15 7 17 57
10 11 14 19 12 50 81
3 15 13 5 13 50 67
6 13 6 20 17 23 41
6 11 11 9 11 40 58
9 13 15 15 4 47 101
17 3 5 17 14 30 56
6 3 20 6 12 49 73
9 11 16 5 5 21 36
10 20 7 5 19 24 74
15 15 4 15 3 29 73
11 4 14 12 2 7 61
16 9 20 10 10 30 43
16 7 18 13 18 22 68
4 20 14 8 11 9 30
1 18 4 4 14 26 79
10 16 10 7 10 9 26
13 12 9 10 11 1 25
11 9 8 3 12 11 57
14 6 13 4 9 16 38
7 18 18 8 11 23 65
9 7 1 13 17 8 54
4 10 7 11 17 37 89
9 7 17 16 1 50 79
17 8 15 4 17 18 55
7 12 19 6 4 26 56
20 3 1 2 5 16 26
14 9 1 2 11 32 91
1 3 20 20 11 18 29
8 15 8 1 11 47 76
1 3 9 7 19 26 75
13 19 7 2 3 44 68
5 11 6 16 15 17 32
2 8 10 17 9 27 84
6 13 5 20 16 21 45
15 10 18 15 15 49 76
17 2 7 11 12 31 84
14 11 9 9 13 13 63
18 6 10 4 3 45 76
8 11 19 20 19 31 58
17 19 9 6 2 25 73
15 10 15 4 5 45 101
8 8 6 8 2 27 70
17 11 18 13 17 5 39
1 4 12 8 16 4 15
