150
5 8 11 6 16 50 63
19 9 4 2 14 17 64
3 4 20 8 4 12 72
9 20 19 9 7 4 51
4 6 13 3 19 40 61
16 12 3 15 13 46 78
15 10 19 14 7 10 47
16 3 18 18 10 37 85
13 6 8 9 4 28 82
7 6 19 18 1 37 82
4 9 3 15 4 46 96
16 17 9 18 19 9 52
1 6 12 15 1 38 51
13 9 10 1 18 16 48
14 10 19 13 10 29 74
20 15 18 11 5 33 69
1 11 4 6 3 10 54
15 16 15 9 17 8 30
9 16 9 16 12 49 104
8 4 4 1 19 8 52
19 1 2 14 10 45 82
4 10 10 19 14 28 80
11 13 1 1 17 23 37
1 11 20 2 12 19 74
1 14 1 12 17 48 75
1 7 3 19 11 25 82
18 9 14 5 1 15 64
1 4 4 19 4 7 63
13 9 2 5 15 45 103
7 17 7 5 15 13 27
14 7 8 9 12 45 71
1 20 19 9 10 43 64
17 14 14 13 18 19 35
8 1 6 19 13 4 23
15 8 4 13 11 6 19
16 1 15 6 19 14 37
18 13 6 20 16 25 62
8 5 8 3 4 20 32
12 2 6 8 13 31 44
8 6 4 16 13 6 56
8 15 14 1 7 11 26
15 17 13 6 18 2 44
10 14 18 17 1 3 43
1 18 10 11 9 38 80
14 8 18 17 20 1 34
18 17 9 15 17 48 64
4 15 16 8 7 13 43
6 8 11 8 15 43 55
10 17 4 11 20 2 20
4 1 7 16 17 31 75
11 13 11 16 14 45 57
17 19 2 8 10 33 71
14 11 1 14 6 46 98
17 14 1 11 15 39 57
7 2 10 18 20 28 63
10 10 20 20 17 21 79
10 5 11 9 7 42 97
19 7 15 8 12 17 55
16 2 13 2 17 7 18
17 10 11 3 1 39 96
13 3 13 17 13 44 87
19 3 3 12 19 11 38
2 10 3 6 14 6 21
16 10 11 17 13 14 40
8 6 20 7 11 25 55
13 14 15 10 20 14 29
14 19 4 10 19 31 60
6 9 9 10 3 28 40
12 5 7 18 16 24 58
18 1 20 12 8 48 61
12 18 18 6 10 10 66
3 2 16 15 1 14 40
15 19 12 20 14 15 45
17 7 9 3 5 18 75
4 19 6 4 13 29 47
6 15 18 20 9 35 61
17 6 7 17 6 37 97
13 20 10 19 3 24 58
12 17 7 13 20 13 30
16 2 8 6 1 28 81
1 13 12 5 12 45 74
16 7 3 9 9 16 32
2 12 9 14 14 21 58
10 4 3 7 18 31 56
20 7 15 19 10 37 79
19 19 3 2 5 7 52
19 14 19 16 15 13 36
13 19 11 13 9 5 36
6 7 8 12 16 2 33
6 16 13 13 6 0 42
17 4 10 17 15 0 60
8 13 2 6 17 30 65
1 10 11 18 2 20 67
7 17 6 2 9 24 64
18 16 11 17 17 37 53
18 1 19 3 4 18 36
8 11 10 9 19 12 63
13 20 8 4 14 25 63
17 13 11 9 3 10 53
12 10 4 3 12 48 93
19 1 18 5 3 41 97
12 6 20 20 15 9 56
15 7 19 3 1 50 104
9 11 20 15 6 1 44
18 19 3 8 17 0 44
20 5 8 13 6 24 35
1 11 8 14 3 9 37
13 14 1 13 13 42 99
17 7 8 6 9 34 54
5 9 13 11 20 3 25
17 4 3 15 10 36 69
18 13 9 5 7 24 58
7 18 18 20 17 16 59
14 12 3 16 7 8 38
2 18 3 7 8 5 21
16 16 1 4 11 29 65
12 18 1 14 9 41 73
19 8 10 20 3 19 37
18 3 12 18 3 0 46
7 2 16 14 17 2 16
17 3 16 4 12 34 46
14 5 5 10 15 3 32
16 6 4 9 17 33 84
12 6 17 8 18 8 52
14 18 11 13 2 2 32
12 7 3 18 6 17 53
1 9 17 1 10 49 78
18 11 6 7 18 7 37
18 20 6 17 9 27 59
20 17 5 15 12 5 32
20 9 5 19 20 12 42
11 12 11 1 8 1 58
15 11 10 1 13 31 88
20 11 4 20 18 40 83
1 4 17 8 13 8 50
8 10 20 9 6 47 57
6 8 10 7 16 17 60
18 20 5 6 9 43 60
19 16 7 10 20 12 31
6 5 5 5 11 42 72
3 19 18 18 8 28 84
18 18 2 7 9 24 54
9 4 11 9 20 21 81
2 11 20 10 8 40 70
3 2 18 19 1 17 63
3 14 7 9 20 16 30
1 3 6 15 13 41 79
15 13 10 6 11 40 67
1 5 14 18 14 15 55
9 5 18 12 8 15 54
