350
5 11 3 8 11 12 63
19 2 15 14 12 14 47
3 1 1 15 10 23 52
9 1 6 12 6 42 70
4 10 17 18 5 37 71
16 20 6 7 13 48 84
15 11 3 16 15 49 92
16 15 13 3 13 4 43
13 13 9 9 4 21 35
7 11 20 14 20 3 25
4 13 10 7 5 29 65
16 3 7 1 9 2 26
1 3 17 18 10 39 87
13 11 7 13 20 11 23
14 20 8 17 1 9 58
20 15 11 16 18 18 43
1 4 9 3 1 30 80
15 9 3 13 5 2 26
9 7 3 20 13 37 62
8 20 17 17 18 32 87
19 18 12 19 4 4 39
4 16 15 19 15 36 70
11 12 17 14 1 25 48
1 9 18 2 14 5 54
1 6 2 12 20 25 44
1 18 6 15 14 50 106
18 7 10 1 9 32 61
1 10 18 7 12 36 93
13 7 9 10 14 41 97
7 8 12 1 13 19 52
14 12 20 18 20 25 35
1 3 8 4 15 17 72
17 9 13 10 2 22 77
8 3 18 17 4 30 83
15 15 13 11 16 3 32
16 3 6 18 2 35 73
18 19 16 19 1 30 71
8 11 9 18 2 1 21
12 8 20 10 4 27 80
8 13 11 17 19 19 38
8 10 8 14 5 37 48
15 2 9 18 17 47 80
10 11 20 17 17 20 57
1 6 8 14 12 50 95
14 11 1 20 18 9 40
18 19 20 19 9 38 80
4 10 13 10 19 37 78
6 8 11 15 12 35 65
10 11 14 10 16 17 65
4 4 8 5 8 4 21
11 18 9 17 20 38 85
17 20 7 15 8 50 101
14 19 3 19 4 50 78
17 20 6 5 18 49 94
7 3 19 18 12 23 75
10 8 15 6 6 26 53
10 8 19 9 4 25 62
19 1 5 1 2 33 43
16 8 20 14 11 50 79
17 13 9 19 14 1 59
13 3 15 2 12 36 51
19 9 17 12 9 37 87
2 18 6 14 2 7 48
16 3 5 13 20 2 19
8 3 5 10 14 36 78
13 1 15 1 14 33 57
14 1 12 3 13 0 48
6 10 10 3 12 6 63
12 12 13 1 10 21 72
18 16 8 13 11 21 78
12 16 4 9 15 23 49
3 5 7 15 8 48 85
15 4 10 9 20 35 68
17 17 3 12 17 2 62
4 11 4 16 5 40 64
6 3 8 11 2 23 36
17 17 13 13 11 37 53
13 6 11 15 4 4 52
12 6 16 4 17 31 73
16 5 4 16 6 40 82
1 5 6 12 18 5 47
16 11 2 5 16 34 54
2 10 2 14 11 28 46
10 4 20 5 4 21 49
20 17 1 1 19 32 45
19 20 7 6 1 34 48
19 10 2 9 16 0 23
13 5 16 12 7 10 20
6 7 17 5 13 20 73
6 5 20 19 6 23 36
17 18 15 10 13 13 50
8 2 11 14 8 9 65
1 11 9 9 4 37 92
7 20 4 17 8 9 20
18 18 20 10 11 37 51
18 7 6 14 11 6 19
8 6 4 9 8 25 35
13 10 8 14 15 20 32
17 14 13 11 16 32 76
12 18 8 16 12 26 57
19 6 16 7 16 23 54
12 2 15 16 7 21 81
15 8 13 13 14 16 27
9 9 6 14 15 38 87
18 3 8 3 13 23 33
20 15 8 3 18 2 47
1 14 10 5 4 45 68
13 18 15 7 19 4 44
17 9 18 5 16 49 71
5 18 19 8 9 40 67
17 15 13 1 5 15 43
18 18 7 4 5 50 97
7 15 15 9 1 16 61
14 1 9 5 13 48 91
2 13 11 16 14 25 51
16 11 16 4 4 35 59
12 6 19 13 1 18 39
19 9 4 6 3 36 59
18 16 7 1 6 50 85
7 1 3 3 15 39 52
17 14 2 14 13 5 30
14 19 1 20 17 4 49
16 1 1 2 10 45 99
12 2 16 18 5 10 48
14 12 11 7 5 17 29
12 19 13 18 17 26 57
1 5 19 14 4 5 35
18 19 10 12 9 8 44
18 5 7 2 1 18 35
20 5 13 4 15 35 46
20 9 6 18 13 46 92
11 9 5 14 8 41 62
15 13 1 4 18 16 58
20 19 1 9 13 15 65
1 13 13 9 1 13 28
8 6 5 6 18 6 64
6 20 18 16 8 17 38
18 3 2 2 14 46 69
19 8 19 7 6 30 54
6 16 13 3 6 3 24
3 1 9 13 11 47 76
18 6 5 4 8 32 48
9 17 3 15 3 19 32
2 11 15 10 18 50 110
3 17 10 17 18 13 43
3 15 1 16 6 34 90
1 8 2 13 6 4 23
15 8 18 4 13 35 49
1 11 2 20 19 20 58
9 16 17 16 1 21 40
8 16 5 4 17 18 42
9 8 2 5 7 33 45
4 14 9 13 14 8 65
20 11 4 20 8 2 30
6 18 14 7 2 28 60
12 20 3 6 17 23 36
10 9 7 17 7 47 94
3 8 1 9 17 2 17
6 2 16 14 20 1 39
6 3 5 18 18 20 42
9 17 9 10 3 26 86
17 12 7 16 8 47 71
6 6 15 18 13 10 62
9 17 13 7 15 35 56
10 7 11 20 4 2 19
15 10 9 11 19 45 58
11 10 9 16 2 37 59
16 10 8 4 13 44 57
16 18 8 1 3 42 99
4 12 2 12 18 40 96
1 6 19 9 4 33 50
10 15 19 2 16 27 42
13 20 6 18 2 11 71
11 3 12 15 17 12 69
14 4 14 10 8 14 38
7 20 20 4 1 7 35
9 17 18 8 1 37 92
4 19 17 17 10 8 34
9 13 2 9 15 37 80
17 6 12 9 9 32 69
7 5 18 8 14 7 32
20 9 14 14 6 46 102
14 14 18 5 20 17 29
1 7 7 5 5 29 85
8 19 18 9 18 12 38
1 2 14 7 11 50 108
13 16 3 14 18 3 25
5 13 9 18 15 23 53
2 12 20 20 17 29 61
6 13 3 2 14 21 53
15 17 9 18 18 39 78
17 6 6 20 6 46 104
14 18 4 17 13 22 74
18 2 5 5 13 14 63
8 17 2 14 7 40 74
17 3 7 9 16 0 53
15 9 14 9 9 0 34
8 4 2 16 12 31 46
17 9 2 10 5 2 39
1 3 3 9 9 10 35
13 5 17 16 19 16 57
19 20 16 7 9 35 66
11 3 17 16 6 2 23
14 15 12 12 20 0 48
2 8 4 20 3 14 65
10 13 11 16 12 48 65
5 14 2 8 11 5 30
7 13 5 11 5 33 47
2 6 18 6 9 11 70
10 11 2 20 9 2 39
3 15 15 6 9 33 60
3 5 5 19 12 12 56
10 20 13 15 13 13 42
10 16 15 18 9 28 59
6 7 1 5 19 18 76
14 4 17 2 15 15 48
19 14 9 17 1 31 67
9 20 3 11 5 32 71
5 18 9 17 5 23 56
1 14 11 5 9 20 52
18 4 3 7 8 25 55
2 10 10 11 7 41 76
19 9 2 20 3 4 44
7 8 13 16 19 12 54
19 13 2 16 18 38 49
15 18 9 11 20 11 44
6 1 11 4 7 12 30
20 7 5 5 18 43 72
17 17 9 5 14 39 59
2 15 13 9 8 19 48
13 19 4 8 19 37 83
7 1 10 3 5 27 45
12 1 4 18 18 39 84
4 20 14 2 15 30 85
7 8 8 19 13 23 79
19 9 17 6 7 1 20
14 7 18 4 3 31 51
19 6 7 8 3 1 40
7 10 11 19 5 6 57
16 5 11 7 2 42 92
4 18 17 17 1 40 59
13 7 13 19 13 36 54
10 9 19 10 13 42 62
17 10 16 14 14 39 54
16 19 4 11 5 27 76
1 9 5 1 19 45 71
11 15 15 1 20 37 62
20 6 17 10 5 21 53
13 18 18 20 18 21 72
10 12 19 8 18 4 34
1 16 17 3 3 41 61
6 14 18 8 8 26 53
7 4 1 9 13 12 52
11 7 10 11 5 44 73
19 19 6 9 10 32 46
5 13 7 20 7 31 68
11 7 12 17 13 38 57
14 10 13 13 12 36 81
7 4 17 1 6 42 74
9 1 11 4 8 35 73
4 4 4 11 10 32 48
13 19 14 12 5 30 49
18 1 12 5 12 38 91
12 18 5 4 16 43 73
18 10 19 9 18 47 61
16 5 3 5 10 36 89
18 3 2 19 3 49 70
8 17 10 2 17 28 68
3 12 18 12 10 38 82
2 19 11 3 7 30 42
3 10 14 3 15 10 22
5 14 10 4 1 17 73
6 17 11 10 10 43 65
6 12 12 11 20 33 84
18 17 9 8 19 19 51
7 11 11 9 4 36 93
9 1 17 17 20 48 81
11 4 17 2 12 25 67
20 15 1 12 15 38 70
17 15 17 1 9 34 94
9 12 4 3 20 16 58
12 10 5 5 2 16 66
11 18 11 13 2 19 71
11 13 11 12 11 0 33
4 11 11 8 6 38 69
10 19 19 4 5 48 99
8 16 3 11 4 2 19
20 4 15 9 4 50 71
16 13 9 1 14 29 63
5 13 16 17 19 29 41
19 7 15 11 8 22 49
18 18 12 4 7 14 63
4 1 13 12 17 32 87
11 9 3 5 17 28 51
2 20 19 20 13 13 26
14 17 2 9 4 44 69
3 7 5 13 7 30 59
13 15 2 3 13 21 51
5 20 17 19 17 44 90
5 17 16 20 5 40 75
11 14 19 17 19 9 34
4 10 9 16 9 24 57
20 6 8 19 1 27 86
19 15 19 14 4 3 16
13 20 11 18 7 41 65
3 17 12 13 19 7 35
19 7 12 10 13 22 76
18 12 13 8 16 50 96
8 17 10 10 18 0 10
19 1 15 18 20 16 38
3 13 20 5 8 48 64
9 19 11 2 9 34 52
12 14 18 20 2 47 71
10 13 17 17 6 3 36
19 11 6 4 18 19 61
18 20 1 6 17 24 51
4 19 5 8 8 0 19
15 3 9 7 14 20 40
9 16 8 14 9 21 45
4 8 19 9 14 19 33
2 10 5 18 13 37 66
10 1 4 1 9 50 96
1 14 6 9 16 3 45
20 5 14 18 4 13 55
1 13 20 9 5 45 89
3 9 2 17 6 5 53
14 6 4 9 18 21 65
4 3 18 16 1 7 67
2 20 9 5 15 42 79
7 1 4 13 2 41 79
8 12 7 4 16 4 51
19 9 9 12 7 8 50
14 14 3 3 13 49 89
6 18 19 18 18 44 65
4 10 17 12 11 18 60
15 5 3 18 8 26 58
6 15 3 18 4 38 60
8 9 7 17 3 21 58
6 16 6 19 2 14 28
4 6 17 1 14 1 28
14 15 14 20 15 41 64
13 17 1 10 7 44 68
18 2 19 15 6 44 102
10 9 12 5 20 11 30
18 17 16 5 17 48 66
9 4 10 3 7 49 108
16 19 8 19 17 48 71
11 14 7 5 13 32 43
4 3 20 7 17 47 67
7 12 16 16 12 36 77
