400
5 18 16 4 19 50 75
19 20 15 5 9 0 53
3 19 13 13 6 16 70
9 20 6 20 20 48 71
4 3 8 7 3 34 49
16 8 8 6 12 47 85
15 8 10 17 11 3 54
16 1 15 9 5 19 70
13 8 18 14 9 24 46
7 13 19 18 9 0 48
4 3 13 10 9 20 51
16 9 7 16 12 21 41
1 18 15 18 13 19 65
13 3 9 7 9 37 91
14 3 11 20 19 50 102
20 1 16 11 15 3 58
1 1 19 16 1 13 24
15 10 4 4 5 45 68
9 12 7 1 5 5 35
8 16 3 12 9 21 61
19 16 2 9 8 7 52
4 5 1 2 7 42 54
11 4 1 18 3 41 54
1 17 16 15 19 4 37
1 11 11 10 18 8 49
1 3 13 4 20 49 94
18 17 19 8 7 44 76
1 6 10 17 18 18 36
13 6 7 9 14 26 67
7 5 13 9 8 38 52
14 5 6 8 19 21 63
1 11 5 14 5 14 44
17 10 1 5 18 1 53
8 4 1 5 15 41 98
15 17 13 9 13 44 90
16 20 5 7 7 44 96
18 10 18 14 3 11 40
8 5 2 18 3 48 96
12 7 19 20 5 49 79
8 5 13 2 2 48 108
8 18 9 18 1 32 78
15 2 5 20 13 47 62
10 11 3 17 13 36 76
1 20 15 5 14 41 72
14 18 10 14 5 23 59
18 7 1 9 19 19 33
4 6 2 9 20 18 44
6 10 18 16 5 24 38
10 14 2 10 18 26 78
4 18 17 9 18 33 84
11 6 5 16 3 29 59
17 2 2 7 8 4 15
14 8 9 16 13 12 33
17 9 4 12 5 26 56
7 3 14 20 10 14 38
10 15 3 16 7 38 68
10 14 7 8 13 2 28
19 18 1 11 12 39 65
16 9 16 6 6 15 44
17 18 5 20 8 40 81
13 15 9 6 10 14 50
19 18 7 19 5 15 25
2 15 15 15 12 45 73
16 1 13 18 16 25 45
8 13 11 5 18 24 74
13 11 9 2 10 13 41
14 6 9 17 3 39 52
6 9 8 11 17 9 26
12 16 8 17 10 46 83
18 1 2 5 7 19 56
12 14 19 7 15 47 96
3 19 19 11 1 46 69
15 1 6 20 10 23 50
17 2 12 16 20 0 32
4 12 14 16 19 45 104
6 19 20 11 4 45 96
17 5 18 4 20 43 99
13 19 17 5 12 19 65
12 5 2 5 15 28 69
16 5 12 9 9 31 77
1 9 18 8 20 10 38
16 9 14 3 2 43 91
2 13 18 18 2 9 35
10 19 7 2 11 1 54
20 13 18 19 6 23 44
19 6 14 6 5 27 57
19 20 3 4 4 35 54
13 3 9 8 4 21 53
6 8 20 19 14 32 48
6 16 3 7 19 31 66
17 1 9 17 8 20 52
8 6 6 19 7 38 81
1 17 4 10 17 7 64
7 11 5 14 17 37 83
18 17 2 11 13 41 95
18 15 7 1 4 18 40
8 8 14 1 7 35 70
13 8 2 10 13 42 80
17 11 2 20 17 17 36
12 16 3 8 5 27 67
19 16 17 3 19 0 54
12 8 16 8 9 19 44
15 14 17 9 1 48 60
9 11 12 11 4 5 61
18 18 4 9 7 40 90
20 20 11 20 19 31 56
1 9 2 17 13 7 22
13 8 5 13 16 32 89
17 2 18 1 18 14 28
5 3 2 4 20 38 50
17 17 15 11 8 47 90
18 12 5 12 9 41 83
7 6 13 5 2 47 87
14 17 15 4 6 16 62
2 7 1 9 18 27 67
16 10 17 5 17 23 77
12 10 9 19 8 50 80
19 10 3 2 14 14 57
18 18 9 12 9 3 63
7 12 11 3 14 6 26
17 6 3 3 13 38 84
14 15 10 4 9 32 87
16 20 2 10 16 32 73
12 3 13 11 4 32 67
14 4 2 8 5 10 20
12 20 9 9 6 8 42
1 17 11 17 18 18 63
18 19 5 2 1 3 59
18 13 9 12 15 4 49
20 6 13 1 2 13 70
20 5 4 3 16 0 38
11 9 10 5 7 43 63
15 14 4 13 13 3 50
20 7 14 12 18 27 74
1 19 8 8 11 46 79
8 2 17 4 8 45 58
6 16 18 11 4 1 57
18 13 7 9 3 4 37
19 12 11 1 2 3 35
6 13 11 17 14 0 38
3 17 17 11 15 2 27
18 6 13 4 7 34 88
9 18 19 12 6 21 72
2 2 16 5 20 21 73
3 17 4 20 17 50 94
3 3 5 9 7 1 30
1 9 15 13 17 39 54
15 4 17 3 13 0 38
1 9 18 19 17 35 93
9 3 19 20 12 13 45
8 5 17 17 7 30 52
9 20 18 16 8 12 32
4 3 1 19 12 17 35
20 15 10 14 19 18 56
6 8 6 18 3 37 49
12 13 7 13 11 35 68
10 14 12 10 2 33 79
3 13 13 8 15 16 47
6 6 17 10 2 14 35
6 11 11 18 20 11 57
9 15 4 5 6 13 54
17 5 14 2 5 25 65
6 20 12 20 10 3 13
9 16 5 17 16 15 61
10 7 19 4 2 35 59
15 4 3 6 19 44 93
11 14 2 8 17 28 41
16 20 10 7 3 2 40
16 18 18 14 19 21 72
4 14 11 9 13 20 40
1 4 14 18 3 26 68
10 10 10 1 13 7 30
13 9 11 9 17 1 36
11 8 12 18 19 36 75
14 13 9 9 10 11 28
7 18 11 17 13 32 62
9 1 17 9 9 40 66
4 7 17 16 12 5 23
9 17 1 5 16 48 68
17 15 17 13 2 11 42
7 19 4 4 18 13 31
20 1 5 12 16 14 35
14 1 11 3 1 11 68
1 20 11 18 14 19 68
8 8 11 12 10 6 49
1 9 19 18 19 3 32
13 7 3 18 11 50 74
5 6 15 17 5 20 65
2 10 9 19 20 46 101
6 5 16 1 19 9 46
15 18 15 20 18 4 43
17 7 12 10 9 28 67
14 9 13 15 3 9 51
18 10 3 5 20 14 59
8 19 19 5 12 2 31
17 9 2 3 14 47 67
15 15 5 19 13 18 61
8 6 2 5 17 22 71
17 18 17 7 1 3 45
1 12 16 16 19 37 66
13 16 19 11 19 5 52
19 14 9 12 4 28 88
11 4 8 10 2 12 35
14 7 19 6 19 50 78
2 19 11 5 17 14 67
10 13 12 13 1 42 61
5 7 12 15 4 11 64
7 10 13 13 11 7 17
2 4 10 4 11 3 34
10 1 15 20 12 12 29
3 4 20 5 18 3 40
3 19 11 9 2 47 81
10 1 18 10 12 46 101
10 18 17 20 19 7 58
6 10 6 1 3 5 47
14 5 1 18 16 50 107
19 3 5 1 3 47 68
9 17 9 5 18 14 63
5 12 8 13 15 18 56
1 19 19 18 11 45 83
18 10 5 4 17 16 60
2 14 4 15 18 33 71
19 17 6 1 1 27 60
7 12 14 14 6 15 38
19 17 20 20 11 46 59
15 11 2 14 12 2 17
6 1 4 9 7 46 102
20 4 18 12 5 16 32
17 15 9 14 19 48 64
2 15 4 13 5 12 56
13 12 7 20 19 20 54
7 10 9 15 4 22 40
12 18 3 2 13 22 60
4 13 19 4 11 29 64
7 11 17 16 17 48 69
19 19 3 2 14 42 82
14 16 3 1 12 39 77
19 4 7 2 11 24 67
7 13 6 4 9 43 90
16 13 17 19 20 24 36
4 7 14 5 12 5 52
13 18 1 17 2 27 49
10 1 19 17 3 15 62
17 9 12 12 8 31 69
16 20 16 18 9 21 62
1 17 10 9 13 11 45
11 7 8 19 18 38 66
20 15 7 12 10 41 73
13 20 20 16 19 7 66
10 17 16 8 20 15 73
1 14 8 20 3 4 25
6 10 14 8 3 49 97
7 6 15 4 6 27 54
11 15 12 18 9 17 38
19 20 18 12 14 34 93
5 17 7 6 3 19 30
11 7 16 4 5 21 66
14 12 3 2 10 48 61
7 17 9 11 18 23 75
9 1 14 14 9 26 40
4 13 7 12 8 29 74
13 19 1 9 7 23 47
18 14 18 2 4 22 60
12 13 13 20 9 20 50
18 11 17 14 16 25 63
16 20 16 14 2 30 61
18 19 3 13 17 32 89
8 3 13 12 10 1 17
3 16 20 10 7 23 57
2 8 17 11 18 8 21
3 10 19 15 3 19 76
5 1 19 8 18 10 49
6 14 14 20 11 19 46
6 5 2 17 11 36 72
18 13 12 5 10 8 47
7 9 15 2 17 35 66
9 6 1 11 5 45 87
11 3 7 4 2 46 62
20 20 10 17 15 9 29
17 1 1 6 12 10 45
9 12 18 18 2 29 73
12 9 4 16 1 41 78
11 14 10 11 11 40 89
11 18 17 4 14 9 66
4 10 11 19 6 8 48
10 5 18 1 18 10 52
8 15 19 16 2 5 24
20 9 18 7 19 39 69
16 16 10 13 17 16 35
5 6 17 6 14 15 47
19 15 14 13 6 22 40
18 17 18 8 7 41 90
4 2 17 4 8 20 42
11 9 14 8 4 10 34
2 17 20 11 19 17 77
14 4 19 11 5 30 53
3 19 10 8 19 19 58
13 14 15 15 17 4 55
5 3 10 16 4 27 46
5 12 5 12 9 9 25
11 3 17 16 15 35 89
4 15 15 7 7 22 38
20 1 19 14 2 28 65
19 6 5 15 12 6 19
13 17 18 13 15 9 48
3 6 6 18 11 43 62
19 3 9 4 20 20 53
18 13 1 19 12 4 49
8 9 14 16 8 43 73
19 20 19 9 1 11 38
3 10 2 5 1 30 65
9 7 12 5 16 34 44
12 17 14 1 2 2 36
10 7 13 13 6 2 43
19 8 10 14 9 46 101
18 11 1 4 18 12 50
4 9 3 1 2 41 70
15 3 3 3 1 22 79
9 3 1 6 8 47 102
4 17 13 15 3 23 52
2 12 9 13 17 32 83
10 15 15 17 6 22 69
1 17 9 10 2 50 84
20 18 12 5 17 32 62
1 2 16 5 7 40 98
3 6 11 17 7 42 70
14 10 13 4 15 23 44
4 18 15 9 10 21 37
2 9 4 1 8 41 82
7 12 16 15 16 7 28
8 20 12 13 17 11 49
19 8 5 8 12 24 43
14 13 14 18 11 2 41
6 18 5 13 13 17 33
4 13 1 1 3 39 83
15 6 6 18 7 45 62
6 16 9 8 20 13 57
8 9 12 14 6 3 33
6 20 5 6 7 15 45
4 11 19 6 20 19 60
14 8 10 11 10 20 73
13 9 14 8 19 36 81
18 20 9 3 14 25 75
10 8 17 18 20 15 46
18 1 10 18 16 23 79
9 20 14 6 12 49 96
16 13 9 6 1 3 33
11 11 14 13 16 14 59
4 14 11 19 1 18 65
7 8 16 1 4 44 83
11 9 7 17 19 36 66
2 7 16 7 20 0 41
1 3 13 14 14 12 66
1 6 14 8 19 6 41
10 19 3 2 11 8 52
20 15 3 17 11 14 37
11 19 5 7 3 23 43
15 5 7 17 14 32 57
13 20 5 20 7 17 61
11 9 8 18 17 9 31
13 15 1 3 16 10 58
3 17 4 8 20 14 39
3 6 9 13 19 4 17
11 5 5 15 18 19 78
20 5 16 4 17 36 66
15 15 4 19 16 32 81
4 12 13 2 20 32 90
9 10 6 13 19 34 47
7 13 1 3 15 38 69
20 8 3 18 20 34 70
18 4 14 4 16 50 61
16 7 20 16 6 27 59
12 10 2 2 9 28 61
9 3 18 17 17 37 70
6 4 7 8 10 32 80
18 8 18 1 19 30 78
7 13 14 1 13 11 63
10 11 12 10 20 32 68
7 16 2 15 18 22 45
8 4 4 9 9 12 72
12 6 18 14 9 27 55
3 2 14 6 10 4 28
9 2 4 20 1 17 47
3 20 9 5 20 13 48
15 1 9 18 2 14 68
3 7 6 11 15 48 82
19 2 16 18 15 9 61
11 16 2 15 12 8 67
8 17 7 17 8 49 70
13 20 3 14 17 13 23
10 15 13 18 15 1 35
2 11 4 6 7 10 61
11 9 15 13 16 31 63
6 4 10 13 11 23 71
11 20 17 7 5 11 71
19 6 16 16 13 3 62
10 4 13 9 14 50 99
8 8 4 12 2 23 47
11 13 20 5 4 5 29
4 8 16 9 12 39 53
