500
5 16 19 16 1 3 31
19 8 9 7 9 5 15
3 14 8 14 18 46 97
9 11 19 15 2 6 33
4 18 11 13 10 6 62
16 20 12 18 13 34 76
15 9 12 4 1 24 78
16 8 13 19 11 8 19
13 2 10 16 11 28 74
7 3 15 9 10 25 60
4 17 20 5 19 11 28
16 12 11 5 2 30 46
1 6 18 1 7 28 81
13 17 17 13 3 33 63
14 7 6 14 11 37 85
20 10 1 4 4 2 51
1 10 5 1 3 37 87
15 10 9 3 5 12 66
9 18 8 6 10 37 91
8 12 19 15 14 28 74
19 6 5 13 20 31 69
4 15 4 17 11 24 39
11 20 6 10 8 18 67
1 3 14 5 1 22 63
1 4 20 5 6 49 92
1 20 2 17 17 48 79
18 17 4 4 19 11 58
1 19 18 9 12 38 91
13 13 9 1 10 17 29
7 6 4 15 10 11 33
14 5 7 13 13 49 69
1 9 9 8 14 1 14
17 14 3 18 17 35 84
8 7 19 13 15 3 20
15 19 17 1 3 42 54
16 2 3 18 7 4 21
18 16 3 8 14 35 80
8 13 7 14 8 14 57
12 12 6 6 20 28 57
8 13 17 6 2 20 78
8 17 14 11 20 28 88
15 6 1 8 8 21 43
10 18 19 3 8 47 67
1 2 12 18 8 6 50
14 17 16 18 13 24 43
18 3 10 6 13 3 27
4 9 8 6 7 47 70
6 4 7 13 20 29 44
10 9 20 19 5 17 59
4 3 16 1 10 26 58
11 5 8 17 12 29 83
17 20 14 7 1 21 67
14 3 15 14 10 32 69
17 15 12 8 15 6 33
7 8 18 2 16 10 59
10 13 7 17 6 25 43
10 14 16 7 5 34 62
19 13 3 17 1 27 73
16 6 9 20 12 39 64
17 11 14 18 14 47 61
13 15 7 3 18 30 78
19 5 1 8 11 32 58
2 20 18 13 17 9 22
16 16 13 15 16 20 31
8 7 17 4 11 9 46
13 4 16 19 20 22 71
14 14 3 2 4 8 36
6 20 13 13 19 39 79
12 18 20 3 10 12 49
18 14 17 18 18 14 51
12 4 19 4 9 50 64
3 10 19 16 14 13 34
15 9 14 2 1 29 52
17 8 2 17 10 41 100
4 13 12 8 3 9 62
6 18 15 1 16 6 18
17 1 1 1 4 44 94
13 7 7 10 17 6 64
12 17 10 15 8 27 64
16 15 1 9 20 3 39
1 19 18 14 9 29 61
16 1 4 6 14 9 41
2 1 10 20 12 23 65
10 20 17 5 8 35 54
20 8 11 18 2 20 41
19 9 18 11 4 17 77
19 7 19 18 20 25 49
13 6 18 15 17 0 24
6 10 10 17 17 24 37
6 5 17 14 17 31 64
17 18 14 18 6 45 59
8 7 18 6 5 28 66
1 9 17 13 10 19 49
7 10 14 13 2 47 70
18 19 20 7 3 45 69
18 9 19 16 7 19 45
8 15 10 9 1 41 60
13 6 15 12 2 37 91
17 18 10 5 14 24 79
12 12 5 9 1 20 63
19 16 17 19 3 48 82
12 14 15 9 2 18 34
15 4 19 6 1 11 51
9 7 5 20 2 6 59
18 19 18 3 18 31 87
20 13 6 12 11 11 71
1 7 9 11 11 28 77
13 10 1 5 1 9 19
17 4 14 9 20 29 69
5 1 19 9 1 6 35
17 4 2 9 18 34 60
18 19 12 12 7 7 66
7 1 14 13 16 34 94
14 18 13 9 7 20 74
2 10 10 19 9 20 48
16 5 1 15 10 31 54
12 3 3 1 19 43 61
19 17 3 5 18 35 89
18 12 1 5 17 40 90
7 19 13 9 9 21 55
17 10 9 8 8 46 98
14 14 15 7 6 37 49
16 17 9 3 7 20 80
12 12 12 19 13 35 94
14 17 16 18 2 37 71
12 11 11 20 8 29 68
1 1 13 7 18 20 64
18 4 15 18 15 31 42
18 15 4 14 2 44 62
20 15 16 8 11 25 49
20 12 12 19 11 34 75
11 10 5 5 14 13 64
15 18 14 18 4 10 26
20 13 5 15 1 15 43
1 11 1 13 19 34 88
8 19 6 7 6 12 61
6 16 9 3 17 38 75
18 4 12 3 3 15 37
19 13 5 5 6 3 46
6 13 19 2 7 49 80
3 7 10 1 8 20 36
18 18 14 13 6 39 64
9 1 9 13 10 48 73
2 9 17 14 4 3 44
3 20 10 5 2 21 67
3 17 14 19 11 26 43
1 7 9 20 5 1 22
15 15 14 5 3 22 63
1 20 11 18 15 23 55
9 17 16 18 5 23 78
8 14 7 3 8 38 89
9 10 16 8 2 38 86
4 6 13 13 10 42 92
20 15 14 5 12 26 75
6 20 3 10 2 13 50
12 17 3 7 19 50 85
10 7 5 13 3 18 63
3 12 7 12 15 14 50
6 17 5 6 7 20 78
6 1 8 8 8 25 36
9 13 1 10 6 44 94
17 19 4 5 4 24 59
6 14 9 12 2 42 61
9 13 5 16 7 49 86
10 11 16 18 2 11 29
15 20 4 10 4 0 13
11 19 13 3 3 24 52
16 3 6 17 8 41 75
16 16 1 10 10 22 71
4 8 3 7 9 38 75
1 10 14 15 17 50 100
10 1 20 1 14 49 65
13 14 2 10 8 39 61
11 5 18 20 2 14 62
14 13 7 19 9 14 41
7 9 18 4 7 4 44
9 6 14 20 11 39 87
4 3 12 12 12 20 57
9 20 2 15 12 24 50
17 1 4 9 15 13 55
7 12 18 20 20 45 104
20 9 14 2 13 18 34
14 14 4 2 13 6 36
1 18 9 11 3 27 87
8 10 9 6 14 0 19
1 5 6 5 8 22 67
13 15 16 4 16 5 60
5 9 2 4 11 26 70
2 16 7 14 6 9 69
6 6 3 19 20 7 33
15 15 13 8 4 34 87
17 17 4 7 8 50 103
14 2 15 17 3 46 57
18 9 10 17 14 11 56
8 17 17 13 9 48 100
17 4 16 4 18 21 77
15 19 13 7 10 9 25
8 14 4 13 11 24 83
17 3 20 17 12 27 60
1 12 16 5 14 20 59
13 3 4 19 15 34 60
19 15 5 9 12 40 98
11 1 13 1 12 44 60
14 6 20 4 11 33 61
2 17 7 7 13 17 35
10 6 6 19 16 13 28
5 3 17 13 17 12 48
7 13 9 16 1 10 65
2 9 14 18 12 10 44
10 20 18 20 5 34 45
3 10 10 8 10 10 50
3 7 16 9 6 9 56
10 17 18 2 10 7 63
10 7 7 6 19 28 46
6 8 20 18 5 37 96
14 11 11 17 18 33 92
19 9 16 8 5 8 53
9 3 4 14 6 27 62
5 3 1 9 15 8 49
1 17 12 14 5 21 80
18 12 9 13 5 38 62
2 15 2 9 6 50 92
19 17 18 16 3 46 57
7 18 15 4 20 44 78
19 2 10 5 9 43 56
15 6 4 6 8 20 56
6 10 8 18 12 38 86
20 18 17 1 11 8 23
17 9 9 15 6 1 26
2 12 9 2 9 22 75
13 20 8 16 16 49 61
7 8 14 7 10 11 50
12 13 5 13 3 14 29
4 18 5 18 14 15 43
7 13 9 11 5 44 93
19 6 7 8 18 31 43
14 16 14 4 12 37 69
19 9 18 3 15 31 90
7 20 20 2 4 2 14
16 11 2 14 5 41 55
4 8 18 15 11 5 19
13 9 20 7 3 8 20
10 20 17 6 6 34 81
17 8 5 20 16 30 59
16 1 14 17 18 36 68
1 20 9 7 2 9 38
11 13 9 17 2 13 28
20 11 16 13 7 23 67
13 14 10 17 12 45 85
10 8 9 12 12 8 57
1 9 16 7 17 17 49
6 7 7 8 12 47 77
7 3 16 12 17 22 81
11 6 12 19 12 4 24
19 19 20 3 11 24 74
5 15 16 11 4 30 62
11 19 8 2 6 1 44
14 5 11 15 13 33 58
7 20 6 2 2 29 59
9 9 20 20 9 12 60
4 15 6 6 20 46 70
13 17 19 5 7 15 40
18 6 15 10 2 13 63
12 5 18 16 8 44 103
18 5 5 2 10 0 54
16 15 2 19 11 46 69
18 12 17 17 19 44 73
8 10 11 3 13 19 48
3 13 17 19 8 2 46
2 8 5 13 12 17 47
3 4 7 3 2 33 88
5 7 11 13 8 12 41
6 10 20 17 10 4 51
6 3 16 19 19 6 16
18 4 16 10 1 49 101
7 8 11 13 7 7 47
9 13 4 9 4 25 51
11 11 5 12 5 21 73
20 16 5 16 8 6 66
17 4 9 2 12 28 52
9 6 8 18 17 45 64
12 2 3 16 9 36 61
11 2 18 1 5 33 53
11 20 2 14 6 45 60
4 1 19 10 8 41 67
10 7 6 19 3 30 65
8 2 4 11 10 42 64
20 16 8 5 19 17 35
16 17 19 20 17 9 29
5 20 7 19 17 27 72
19 15 17 18 18 23 83
18 11 19 9 20 41 90
4 9 10 3 18 22 36
11 4 14 20 14 48 78
2 20 11 12 15 24 58
14 6 1 14 19 26 81
3 4 1 13 17 27 50
13 8 10 17 16 23 43
5 13 20 1 6 35 47
5 8 8 19 17 13 51
11 16 3 19 12 12 35
4 15 8 4 7 4 39
20 13 9 2 14 9 69
19 6 11 19 3 15 32
13 8 9 17 9 15 69
3 8 20 1 7 1 30
19 10 17 4 8 15 74
18 15 13 11 5 42 66
8 18 1 11 5 25 81
19 19 4 12 7 29 79
3 13 11 18 1 50 78
9 7 12 2 6 39 81
12 15 5 12 16 28 88
10 9 4 19 12 36 87
19 11 9 3 6 6 44
18 16 5 16 2 3 34
4 19 19 3 12 11 26
15 4 2 18 3 33 47
9 7 12 15 20 0 14
4 3 3 11 8 2 26
2 2 3 17 7 27 44
10 1 4 18 3 50 93
1 1 10 1 15 17 56
20 16 11 6 7 26 81
1 11 8 11 20 8 53
3 13 9 12 11 15 54
14 19 17 7 6 44 54
4 10 2 5 19 49 97
2 7 12 19 1 42 62
7 13 1 5 7 23 62
8 6 3 19 11 26 63
19 5 5 4 16 49 93
14 1 13 13 18 21 38
6 1 12 11 2 37 59
4 13 8 17 2 47 57
15 5 4 14 12 3 28
6 18 11 12 16 32 61
8 2 9 11 18 29 52
6 19 1 9 12 8 51
4 13 17 20 5 44 92
14 9 11 12 16 33 61
13 5 4 2 3 23 52
18 3 12 3 17 37 63
10 15 5 8 11 3 35
18 10 20 9 19 22 49
9 1 9 13 10 7 35
16 2 13 18 20 15 28
11 18 3 10 11 40 51
4 2 19 19 19 40 50
7 17 20 20 3 7 57
11 5 17 3 16 27 86
2 2 16 3 11 9 47
1 9 19 6 14 1 13
1 4 14 9 3 23 46
10 14 18 14 9 8 22
20 3 13 3 3 9 39
11 7 10 5 11 18 56
15 1 8 10 1 1 53
13 16 10 18 6 30 59
11 5 18 9 11 40 57
13 9 5 8 8 1 26
3 7 2 7 11 30 83
3 15 20 4 9 4 21
11 13 17 9 9 48 70
20 11 4 16 10 50 61
15 9 6 2 16 37 59
4 9 8 17 14 27 77
9 8 7 10 1 5 23
7 8 14 7 10 30 79
20 2 9 18 6 34 82
18 19 18 3 10 38 91
16 19 1 18 2 32 84
12 6 9 11 4 6 17
9 12 18 11 14 8 46
6 14 9 10 14 34 90
18 20 17 17 20 43 54
7 18 9 5 7 45 90
10 17 16 2 9 25 49
7 2 5 15 12 41 81
8 12 13 12 19 38 59
12 18 4 2 16 34 78
3 14 12 1 19 26 36
9 18 3 11 10 15 39
3 7 18 14 20 33 51
15 18 12 6 9 24 38
3 14 18 18 6 30 41
19 3 18 2 11 46 64
11 9 17 19 5 20 50
8 20 19 17 12 28 74
13 3 1 14 4 7 22
10 9 20 6 13 4 47
2 6 10 7 12 13 57
11 4 15 8 17 37 63
6 5 5 4 19 39 61
11 2 5 19 7 44 79
19 7 3 5 13 23 33
10 14 19 19 15 6 50
8 2 5 17 5 6 33
11 2 7 4 16 22 54
4 3 16 9 8 6 32
18 17 11 15 2 12 56
20 16 12 7 8 7 41
19 17 10 2 3 44 79
20 12 6 12 3 41 84
3 4 5 15 2 37 80
8 11 13 11 17 5 49
8 2 15 20 17 0 39
1 5 13 12 16 32 59
8 18 4 8 19 27 42
13 2 20 1 16 15 36
3 15 5 1 11 5 63
9 5 9 16 17 19 59
18 13 10 2 6 31 77
3 15 20 6 19 39 74
3 1 1 9 16 3 21
1 17 18 18 13 36 85
1 9 1 2 1 27 50
10 3 5 1 13 35 78
12 9 13 8 18 19 30
16 11 18 3 18 25 68
16 3 4 17 15 40 53
5 10 15 6 6 2 32
4 2 1 2 19 42 61
17 13 14 17 19 38 62
11 2 20 7 12 1 31
3 9 14 7 2 17 52
17 11 9 15 12 39 51
6 5 12 10 12 30 66
6 9 14 8 15 28 84
5 13 13 16 8 14 61
5 4 20 17 18 17 57
11 10 15 12 10 20 62
10 4 2 11 3 49 109
4 14 4 13 15 30 44
17 8 16 3 12 28 82
20 17 2 7 7 34 46
10 18 1 20 6 3 21
5 7 2 6 5 17 62
7 11 4 7 15 32 68
5 11 19 20 2 11 55
18 17 5 10 12 47 81
2 13 17 19 19 45 89
11 19 17 14 11 28 55
20 16 12 20 6 29 76
18 4 18 16 19 18 30
7 5 9 12 16 37 60
6 15 19 1 16 37 59
10 17 12 16 1 11 40
14 18 16 1 19 20 75
18 19 8 4 8 32 66
6 17 20 19 20 42 71
2 18 8 20 2 25 68
8 1 4 14 15 48 59
9 10 18 19 6 42 88
3 6 12 11 17 44 71
15 7 6 11 7 26 48
14 12 4 3 13 43 87
18 13 2 14 15 35 78
9 17 11 7 4 38 95
18 11 14 17 11 25 69
15 4 12 16 9 30 50
18 14 9 20 5 48 72
15 12 2 19 6 40 55
1 5 20 18 11 14 37
13 19 14 17 5 19 59
11 3 14 16 6 1 21
6 2 13 20 20 4 17
9 10 12 19 17 9 61
16 18 10 15 10 31 66
1 11 11 20 8 7 35
14 14 15 16 18 23 33
19 10 8 6 14 16 35
1 11 20 9 15 19 35
2 12 17 17 15 50 62
12 9 5 10 17 34 89
19 11 2 19 18 19 66
5 17 11 13 10 8 45
19 17 4 20 6 6 46
5 1 17 18 17 32 53
5 17 6 9 20 8 31
9 4 18 9 17 29 75
9 5 16 10 10 2 41
13 11 11 1 19 28 80
19 11 4 20 7 30 46
13 11 19 2 10 46 98
6 19 1 15 5 36 71
20 3 16 15 1 20 44
3 15 7 12 11 34 48
8 9 13 8 4 23 41
16 16 6 17 14 8 39
1 15 13 15 13 45 87
6 12 8 7 17 0 40
17 13 4 16 6 34 75
11 3 8 11 20 12 54
17 19 11 5 15 49 101
15 2 11 13 15 17 50
8 5 8 14 18 39 76
8 2 15 2 15 4 51
11 17 16 4 12 50 75
16 16 12 12 7 29 67
