450
5 6 17 17 19 32 43
19 2 16 16 4 22 54
3 8 17 19 2 50 83
9 9 12 14 19 32 65
4 3 4 18 17 40 88
16 15 11 13 1 42 90
15 14 2 10 4 23 75
16 18 5 8 11 21 57
13 9 18 10 11 41 64
7 18 2 18 12 7 67
4 15 15 5 18 11 39
16 18 5 2 2 24 48
1 15 13 20 12 2 32
13 1 15 17 19 17 52
14 13 1 4 3 39 93
20 11 17 6 16 45 79
1 6 9 8 3 13 65
15 9 3 7 18 3 62
9 16 9 14 15 15 36
8 1 11 9 11 19 29
19 14 3 18 17 20 54
4 19 10 1 18 36 87
11 1 2 9 1 25 57
1 2 13 18 6 15 63
1 12 2 9 11 23 83
1 19 9 17 12 49 108
18 5 11 9 7 3 52
1 19 5 16 5 14 38
13 5 9 5 19 18 42
7 5 13 13 5 44 58
14 9 4 4 19 36 85
1 9 10 12 4 0 30
17 13 4 3 13 12 46
8 19 14 18 11 6 29
15 13 8 12 17 8 63
16 6 17 18 14 14 42
18 20 18 18 12 23 39
8 3 7 17 11 32 69
12 8 11 19 9 17 27
8 16 11 1 20 9 41
8 1 17 20 12 10 25
15 6 13 10 2 14 50
10 17 19 15 3 4 23
1 11 16 5 8 19 36
14 17 4 5 9 36 80
18 15 5 3 13 32 92
4 8 15 19 18 32 88
6 8 17 5 10 34 55
10 11 18 7 19 38 96
4 16 19 16 20 34 65
11 16 17 11 3 50 69
17 8 18 12 3 27 61
14 14 1 10 6 28 65
17 11 10 6 9 37 67
7 18 6 5 14 32 76
10 20 7 13 3 30 80
10 9 12 15 5 11 65
19 8 13 13 10 32 75
16 2 17 4 18 22 49
17 3 11 20 9 12 35
13 17 4 5 8 27 49
19 12 14 9 7 4 24
2 6 12 10 4 17 37
16 17 5 20 9 13 57
8 7 19 1 16 14 34
13 10 3 18 2 48 67
14 10 2 1 17 9 26
6 10 10 5 10 8 46
12 18 18 13 7 49 96
18 12 11 18 18 13 56
12 6 14 4 3 1 19
3 15 10 15 18 10 47
15 20 11 1 11 31 49
17 3 12 14 11 23 54
4 4 9 20 10 11 59
6 20 11 14 17 3 63
17 17 17 9 5 50 106
13 19 17 12 2 23 77
12 13 1 14 15 5 58
16 6 17 13 12 39 69
1 5 4 20 2 15 63
16 9 5 15 1 43 61
2 14 11 2 11 44 55
10 7 11 4 14 13 45
20 19 11 16 6 5 64
19 2 19 2 18 28 49
19 16 3 1 2 41 65
13 13 15 2 19 41 66
6 12 9 4 17 12 66
6 13 16 19 14 38 79
17 17 15 5 6 21 68
8 6 12 17 7 10 51
1 18 13 17 8 36 48
7 2 3 12 4 44 95
18 17 19 18 19 42 57
18 3 2 9 5 45 63
8 9 5 19 19 1 45
13 4 2 12 17 13 53
17 9 17 16 4 20 66
12 3 16 8 9 30 49
19 5 19 20 15 35 58
12 20 9 8 7 2 35
15 3 8 4 2 3 58
9 15 19 18 12 23 41
18 8 11 12 15 31 58
20 13 12 6 11 35 92
1 14 12 4 20 22 54
13 13 13 2 12 8 22
17 6 10 11 8 31 65
5 11 15 14 1 4 44
17 15 20 12 1 32 43
18 5 11 9 16 20 63
7 20 18 2 2 42 81
14 16 17 20 6 47 69
2 7 6 14 9 36 92
16 4 1 14 18 42 67
12 14 5 13 2 19 42
19 20 9 12 1 38 92
18 18 8 10 8 20 30
7 14 19 11 3 50 106
17 4 5 15 17 36 90
14 10 4 8 6 5 34
16 9 6 20 2 30 42
12 8 14 17 17 21 48
14 13 20 5 7 26 69
12 18 2 2 7 4 26
1 1 4 11 15 16 30
18 7 18 4 10 4 20
18 17 9 17 8 42 101
20 15 4 6 16 41 58
20 19 7 18 17 20 55
11 1 9 16 12 1 32
15 1 3 11 11 11 27
20 20 19 4 13 20 58
1 8 17 19 3 14 69
8 9 3 1 7 20 66
6 7 3 16 20 16 59
18 6 7 7 6 16 71
19 10 6 13 7 19 70
6 5 17 6 20 31 71
3 18 14 13 10 26 78
18 7 1 8 19 0 27
9 9 19 4 14 18 37
2 10 12 8 20 10 47
3 19 16 11 16 40 73
3 9 10 11 12 18 69
1 15 8 8 1 3 35
15 6 7 15 16 7 65
1 18 20 16 1 27 61
9 12 16 12 4 27 63
8 16 8 16 19 39 76
9 14 14 7 20 13 46
4 4 15 14 14 17 62
20 7 12 15 19 22 45
6 19 18 13 11 49 71
12 13 7 18 11 41 55
10 7 16 4 3 46 65
3 10 3 19 14 36 61
6 4 9 16 7 31 56
6 1 14 9 17 36 47
9 4 7 5 16 18 43
17 19 1 5 20 38 90
6 1 18 1 19 16 51
9 18 13 13 18 43 82
10 10 17 14 17 11 71
15 5 16 4 16 20 69
11 3 3 1 20 9 47
16 17 13 3 19 22 68
16 12 20 6 15 6 22
4 19 17 15 20 25 38
1 10 19 13 16 22 43
10 14 19 17 6 33 76
13 17 14 10 9 47 57
11 12 2 5 17 36 48
14 17 12 5 10 44 81
7 11 15 17 19 12 72
9 1 1 4 13 25 52
4 4 7 9 20 28 64
9 15 10 1 18 9 27
17 15 1 15 9 30 55
7 12 18 13 9 44 98
20 10 4 8 10 15 74
14 18 10 18 1 2 54
1 13 17 13 20 46 79
8 11 11 1 2 40 76
1 19 18 18 15 15 74
13 16 19 8 15 5 36
5 4 18 14 12 47 94
2 13 10 6 8 4 61
6 13 17 6 17 2 15
15 7 14 11 15 33 75
17 18 18 8 7 32 71
14 1 17 3 16 30 48
18 9 14 18 11 36 90
8 20 20 18 5 30 73
17 17 19 6 13 44 77
15 7 10 6 14 20 67
8 15 15 13 2 33 46
17 20 10 19 4 50 82
1 17 5 1 12 10 27
13 14 17 17 1 36 61
19 10 15 7 9 45 95
11 6 19 14 18 31 81
14 15 5 8 2 25 42
2 20 18 2 10 0 37
10 17 6 17 13 24 43
5 7 9 7 1 35 46
7 12 1 17 11 46 79
2 17 14 20 11 35 53
10 1 19 18 10 47 66
3 13 2 3 19 28 56
3 19 12 8 2 10 21
10 14 14 13 7 37 77
10 13 13 15 3 37 87
6 11 10 4 11 23 34
14 20 1 19 4 3 43
19 19 3 2 3 46 60
9 3 3 13 5 23 81
5 16 1 3 10 22 82
1 8 13 18 14 28 75
18 10 9 4 20 15 52
2 1 15 16 11 44 59
19 14 9 2 8 41 81
7 5 12 17 1 42 86
19 13 16 8 6 34 82
15 9 11 1 17 19 61
6 6 13 1 19 5 21
20 3 15 10 12 28 46
17 20 4 15 10 48 92
2 1 16 9 10 22 75
13 12 12 14 13 12 67
7 9 5 6 14 10 45
12 14 14 20 17 8 59
4 18 5 5 15 28 76
7 10 1 18 3 2 46
19 5 6 11 7 23 59
14 15 9 18 14 36 61
19 9 12 15 8 21 64
7 16 5 17 20 11 45
16 6 19 14 2 36 76
4 15 10 18 20 31 87
13 17 14 6 8 30 60
10 2 9 13 8 0 38
17 9 17 13 8 36 53
16 17 10 7 13 14 28
1 4 14 16 13 39 62
11 19 9 9 7 3 50
20 14 14 12 20 28 77
13 3 11 5 5 41 95
10 12 16 9 10 10 43
1 3 7 19 12 32 48
6 15 16 9 1 13 29
7 1 13 6 10 25 57
11 6 14 20 15 29 45
19 17 3 3 16 7 29
5 6 3 12 6 20 37
11 3 5 11 5 16 70
14 13 7 5 1 8 59
7 9 5 9 12 10 57
9 20 8 9 14 21 36
4 10 1 9 18 8 18
13 7 4 12 11 11 53
18 17 9 13 17 47 84
12 7 5 9 16 39 64
18 8 16 19 11 33 48
16 11 4 15 20 19 48
18 9 13 1 4 14 55
8 3 6 5 19 35 84
3 3 1 5 10 45 58
2 17 3 9 18 27 73
3 12 14 8 9 29 66
5 15 20 7 14 29 74
6 17 2 3 1 32 61
6 18 18 19 10 35 70
18 2 7 18 3 19 69
7 6 18 20 16 10 22
9 10 14 7 4 33 85
11 18 12 18 17 39 87
20 9 2 14 8 32 43
17 12 4 8 20 19 46
9 20 18 19 9 37 86
12 8 14 5 14 50 90
11 13 4 18 12 13 51
11 18 9 15 8 18 42
4 13 9 13 2 43 70
10 6 6 7 4 9 39
8 16 16 3 20 43 102
20 9 2 3 17 0 40
16 20 7 5 17 21 59
5 11 3 2 17 7 51
19 8 13 1 6 27 40
18 9 4 13 5 24 51
4 20 15 13 10 45 87
11 8 10 14 2 41 62
2 1 17 5 3 32 89
14 20 16 19 7 47 102
3 13 13 20 1 11 49
13 11 4 5 2 39 78
5 14 20 18 14 28 56
5 8 16 18 1 28 75
11 9 4 3 3 34 81
4 7 5 8 2 28 49
20 3 13 13 1 23 53
19 6 20 5 2 13 55
13 19 7 10 18 3 55
3 15 6 7 11 5 40
19 19 17 13 11 46 104
18 5 9 12 1 6 58
8 20 14 6 20 6 60
19 9 18 8 1 34 70
3 15 10 10 18 24 77
9 17 16 5 7 8 53
12 6 18 12 16 28 76
10 5 7 16 7 25 60
19 5 20 18 9 11 51
18 15 11 10 10 30 88
4 12 16 3 19 28 78
15 10 4 17 18 33 57
9 13 1 10 17 37 66
4 8 12 7 9 2 13
2 4 9 15 8 37 51
10 7 2 1 6 12 31
1 10 18 10 7 37 78
20 3 15 20 13 28 45
1 4 10 19 2 31 64
3 8 4 4 8 24 50
14 13 8 20 18 18 47
4 11 17 12 15 22 82
2 16 9 15 2 49 93
7 4 9 9 11 48 77
8 6 8 20 11 11 29
19 2 14 2 14 38 54
14 2 5 2 4 17 59
6 20 5 11 1 11 29
4 1 9 6 19 49 88
15 7 7 5 6 1 13
6 2 14 4 17 35 73
8 16 18 4 3 3 43
6 17 20 14 6 42 98
4 20 2 19 7 4 50
14 15 18 8 8 35 65
13 11 20 7 6 14 58
18 9 17 17 10 28 61
10 4 5 17 4 20 38
18 20 14 13 2 28 83
9 6 9 4 11 21 31
16 4 9 7 5 47 91
11 8 16 13 3 6 28
4 13 10 17 15 24 83
7 8 9 5 5 3 30
11 16 16 19 8 47 96
2 15 7 9 2 29 43
1 13 16 1 10 17 77
1 6 12 4 12 26 65
10 8 20 7 2 29 57
20 8 16 19 19 21 31
11 10 8 13 3 32 83
15 15 11 16 15 6 33
13 18 6 18 7 10 66
11 19 20 20 8 25 67
13 13 6 8 6 34 88
3 7 19 9 4 27 38
3 15 15 2 2 39 85
11 9 18 6 7 47 82
20 11 5 18 2 30 47
15 16 2 17 4 32 48
4 19 17 8 3 9 62
9 4 11 14 8 20 50
7 7 17 9 10 9 57
20 3 5 14 9 22 71
18 2 7 13 17 8 58
16 1 11 9 14 39 93
12 1 20 16 8 12 66
9 16 16 4 2 14 60
6 11 16 5 9 50 88
18 13 11 6 7 13 28
7 19 4 18 11 29 78
10 10 5 1 12 41 82
7 7 5 15 12 9 52
8 13 9 2 15 6 37
12 6 8 16 20 44 91
3 5 3 7 13 6 59
9 1 18 13 13 27 39
3 1 2 18 3 3 25
15 13 19 11 14 29 49
3 5 6 8 8 9 22
19 18 4 4 16 23 72
11 2 8 3 11 35 52
8 19 19 2 6 20 32
13 13 7 14 20 17 34
10 9 17 15 4 25 70
2 5 19 7 8 0 43
11 3 10 6 3 24 53
6 15 14 20 14 31 89
11 10 11 17 9 45 105
19 1 1 7 18 28 50
10 2 1 17 10 19 39
8 18 10 13 11 47 91
11 2 20 17 12 45 64
4 17 8 12 14 19 43
18 5 3 7 15 41 64
20 2 8 8 12 37 52
19 9 9 12 12 24 66
20 4 11 19 11 20 52
3 14 9 3 13 48 102
8 3 20 11 16 18 64
8 7 17 2 17 11 48
1 1 13 15 1 6 33
8 16 1 2 12 31 80
13 5 4 20 5 11 29
3 9 11 6 10 28 56
9 7 12 5 6 9 55
18 15 5 10 10 29 54
3 13 4 16 19 6 20
3 11 9 2 5 34 82
1 9 5 19 18 7 33
1 9 19 17 5 34 47
10 8 2 3 6 20 31
12 8 12 19 15 20 57
16 2 3 13 5 31 80
16 19 3 3 5 43 71
5 19 4 13 6 35 75
4 6 10 17 3 40 77
17 12 11 19 20 21 58
11 14 8 10 9 46 60
3 20 9 13 8 37 58
17 18 17 9 12 20 43
6 17 2 12 11 35 94
6 2 12 16 6 37 90
5 12 1 2 9 29 41
5 18 3 18 16 20 70
11 14 5 16 10 31 89
10 18 13 1 3 44 81
4 7 12 14 14 25 61
17 18 8 10 5 34 66
20 14 4 19 18 13 45
10 3 11 11 12 10 52
5 9 9 5 15 15 34
7 20 1 20 4 34 55
5 3 17 19 5 12 72
18 9 11 18 11 38 62
2 6 4 9 3 15 39
11 4 12 3 6 3 16
20 5 5 20 16 49 82
18 2 20 12 18 20 34
7 7 9 14 2 39 77
6 14 13 13 2 48 78
10 2 3 17 7 3 26
14 2 19 1 12 21 45
18 3 20 19 12 26 52
